111111
222222
333333
444444
555555
666666
777777
888888
999999
000000
123456
1234567
12345678
1234567890
12345678910
234567
2345678
23456789
234567890
2345678910
345678
3456789
34567890
345678910
456789
4567890
56778910
678901
0987654
987654
876543
765432
654321
6543210
01012001
101010
202020
303030
404040
505050
606069
121212
232323
123123
321321
213213
231231
456543
123454321
1234321
123456654321
1234554321
1234567890987654321
06062001
01012001
02022001
03032001
04042001
05052001
06062001
07072001
08082001
09092001
12022001
By Nazril
