#curi
dosa
jink
by nazril
111111
999888
902100
8765432
789632145
56789
56565656
444555
32323232
31121992
31081985
31071985
31051990
31011983
30071990
30061986
29091986
29071990
29011983
28101988
28091984
28081984
28071989
28061990
28051981
28031984
27121986
27081989
26111987
26051987
25121982
25091988
25071989
25071986
25051992
25051990
25011991
25011988
24121985
24081987
24071989
24061990
23111990
23081986
23061983
23031988
23021990
23011989
23011988
23011984
2233
22111991
22031990
22021984
22011991
21212
21121984
21031991
21011992
2012
20091984
20071990
20071981
20061989
20051992
20041981
19601960
19121986
19121985
19101983
19071985
18011990
18011989
17121990
17081992
17081988
17071991
17071984
17041990
17031991
17021988
16111987
16031987
16021983
16011990
15101987
15081985
15021988
15011992
14121986
14111989
14091982
14071983
14061982
14021988
1357908642
13121984
13081990
13081984
13021989
1236
123456789r
12091987
12071985
12071983
12051993
12041985
1138
11111983
11111979
11091983
11081992
11071984
11041988
10121979
10111988
10111981
10091989
10091988
10081988
10041982
10021985
09121983
09011991
08061989
08041988
07081989
07071986
07071980
07041986
07021990
06101991
06081985
06071987
06031989
05101983
05071991
05071990
05011990
04111986
04081989
04051983
04041984
04011988
04011987
03101989
03101988
03091991
03081990
03081988
03071989
03061989
03051993
03041990
03031989
0303
03021989
03011984
02111989
02081990
02081972
02081971
02061992
02061975
01081980
01071985
01061984
01051983
01021986
01021980
BY NAZRIL
NURSYAH
MANDRA
ODON
222222
333333
444444
555555
666666
777777
888888
999999
000000
123456
1234567
12345678
1234567890
12345678910
234567
2345678
23456789
234567890
2345678910
345678
3456789
34567890
345678910
456789
4567890
56778910
678901
0987654
987654
876543
765432
654321
6543210
01012001
101010
202020
303030
404040
505050
606069
121212
232323
123123
321321
213213
231231
456543
123454321
1234321
123456654321
1234554321
1234567890987654321
06062001
01012001
02022001
03032001
04042001
05052001
06062001
07072001
08082001
09092001
99669966
9953RB
129871
985632
98256518
96328i
196206
129598
951623
9512369
9347167
929370913
329222
911rsr
9104587
9103
90609
901234
269007
9001668
219001
8seconds
89semtsriuty
128998
899445527
89614774181
1318937
89132664230
89063032220m
158869
158863
87654321vv
8756
872rlcfo
8616
8555
8522003
852000
84878487
8487
8428ld
826248s
8255
8231
8228
813813
228090
7somba
7samurai
7elephant
1237988
79797979
78978978
78951236
789451
178791
127854
1347823
1237773
217772
776677
1237766
127762
12774477
1773400
127715
770905
1237707
12376ers
7654321a
127654
75757575
711503
744637
742324
741776
741741741
741373
741432
736229
729225
7262226
72522725
725612
72305z
722123
723140
7121233
711412
7012399474
69stang
69chevy
697411
696977
691111
690069
689112
688612
6811123
67chevy
67975502
67899876
67896789
677633
671133
668899
667766277
667667
666812
66667777
666521
666123
6657684
6656123
662811
6622122
6596123
6574123
655511
655423
654133
653723
6510112
646912
635112
633612
6282621282
62336233
619890
616590
61386138
6123459
BY NAZRIL
NURSYAH
MANDRA
ODON
612190
610590
600600
5daxb9
5ThGBQI
59635963
595890
581190
571290
566590
566390
56575890
563490
563190
5625909090
557590
5557940
555790
555190
554690
554466
552390
552290
54gv768
548190
547690
546690
54645464
5455555
54335433
542678
540540
539390
53755375
536290
5345321aa
534090
527090
526549
525609
524524
523909
523252
522809
518909
518809
51501984
512490
5120909
5105100
5101090
506709
5051090
501209
4teens
4peace
497309
485509
485209
482490
4815162342q
480009
478209
475509
4707570
466509
463309
4579009
453109
452209
451451
4512309
44mag09
448909
447909
44774477
446688
445690
443290
433290
432809
4321009
429390
427490
4258195
425690
425290
423956
423690
420842084208555
420590
42014201
42004200
41660
41589
41541509
415130942
413290
413000
4116909
400000
3times
3kings0
3bears
396809
396396
390009
3836090
373109
372790
366209
360moden
358809
35783578
351351
347809
346209
34567890
34550916
345409
344716
343536
343316
34034016
339916
338716
337316
3366916
336516
336216
334516
333555777
33351962
333333q
332516
331716
33143314
32823282
32566842
325116
325016
324616
324324
324061
321671
321661
321478619
320261
317116
312516
31233123
31133113
311298
311276
311275
311272
311200
311071
31101971
310898
310864
31081964
31081960
310799
310796
NAZRIL TERHEBAT
310774
310771
310581
310572
310569
BY NAZRIL
NURSYAH
MANDRA
ODON
310565
31051969
31051964
31051958
310372
310369
31031968
310173
31011964
30astic29
307812
305112
303716
303116
302816
NURSYAH
302016
30130116
30123012
30121968
30121966
30121964
30111969
30111968
30111963
30111959
3010971
30102000
30101957
30100016
30092000
30091998
300876
300874
300871
300867
30081962
30071967
30071960
30071959
300669
300666
30061963
30061962
300573
300568
300564
30051971
300497
300495
300472
30041998
300367
300364
300361
30032000
30031999
30031962
300193
300181
30012001
30011962
300119
12022001
By Nazril
999888777
9981
990099
951753852
9379992a
89211375759
889900
88002000600
852369
842105
83y6pV
7pVN4t
78907890
7879
786786786
777win
7677
7500
741852kk
7412
7117
711111
6911
669E53E1
6667
66669999
66221
6458zn7a
6319
625vrobg
5QNZjx
5782790
5775
557799
5533
5490
5396
5355
5325
525525
5253
4freedom
4cranker
48624862
4828
474jdvff
4734
4569
4560
4508
444555666
442244
4412
4408
4321rewq
4310
4201
4111
4002
3TmnEJ
3891576
3739
36987412
369369369
3693
35353535
3410
332233
3322
32165
32103210
3200
31337
311292
31121995
31121971
31101968
310891
310876
310775
31071994
31071969
310595
310587
310577
31051974
310194
310179
302731
30121977
301180
30111996
301089
300987
30091997
300882
300881
300872
30081972
300783
300779
30071971
300695
300677
300670
30061997
300592
300591
300578
300494
30041999
30041971
30041970
300378
300173
30011969
30003000
2bornot2
2b4dNvSX
291292
29121972
29121964
29111999
29111970
291082
291077
29101972
290880
290781
29071996
29071971
290694
29061998
290574
29051998
290479
290477
29041962
29021996
290192
290190
29011971
2829
281292
28121970
281175
28111970
281077
28101998
28101973
280794
280684
28061996
28061959
280593
280582
280557
28051997
28051969
280482
28031966
280279
28021974
28021972
280194
28011996
28011968
28011962
2772
27121974
27121967
271192
271191
27111976
271094
271089
27101996
270982
27081971
270781
2707BY NAZRIL
NURSYAH
MANDRA
ODON
270676
270592
27051998
27031996
27021974
27021972
27021971
27021969
27021966
27021961
26121998
26121974
261182
26111995
261078
26101998
260994
26091973
260890
260881
260787
260680
26061971
26051997
260494
26041966
260393
260281
260276
26021973
26021964
260199
26012601
26012000
26011973
254xtpss
2524
251278
251189
25111972
25101996
25101973
25101964
250978
250893
250879
250875
250860
25081968
250773
250680
250677
250672
25051969
250474
250394
250373
250279
25021995
250194
246246
2444
2436
2416
241283
241278
241277
24121998
24121971
241193
24111972
24111967
24111961
241082
241072
24101995
24101974
24101972
240992
240978
24091998
24091972
240881
240878
24081973
24061999
24061972
240577
240492
240481
240480
24041964
240391
240382
240377
24031969
240291
24021998
240190
2400
23wesdxc
2375
23142314
231275
231269
23121971
231176
23111969
231096
231074
230972
23091973
230897
23081970
23071995
230669
23061972
230488
230374
23031967
23031966
230292
230271
23021969
23021962
230179
23011971
22882288
2267
BY NAZRIL
NURSYAH
MANDRA
ODON
22552255
2252
2230
2225
2224
2213
221276
221195ws
221195
22111970
221094
221080
221079
220973
22091997
22091972
220878
22081973
22081965
220770
22071970
22071969
220694
220682
220679
220675
220674
22061967
22061962
220593
220592
220489
220478
22041972
220379
220377
22032000
220295
220276
22021972
220174
22011969
21436587
214214
21121972
21121968
211193
211180
211089
211077
21101966
210979
210978
21081958
21071998
21071974
21051995
210496
210493
210479
210392
210390
21021969
210175
21012000
2024
201293
201291
201278
201276
201275
201185
20111970
20101974
200987
200985
20091960
20081975
20081972
200786
200774
20071996
20071970
200578
200572
20051998
20051963
20041972
200391
200287
200270
20021972
20021960
200188
200182
200178
20011963
20000
200
1shot2
1qasw23ed
1money
1asshole
1abc2
1Yyyyy
1Xxxxxx
1Silver
1Rocks
1Panther
1Orange
1Melissa
1Hello
1Ginger
1Fire
1Charlie
1Boomer
1Biteme
1Bitch
1Beavis
1Andrea
1993199
198900
197878
197346
195000
19221922
191278
BY NAZRIL
NURSYAH
MANDRA
ODON
191177
19111976
19111971
19111970
19111962
191081
19101968
19091996
19091995
190877
190692
190689
19061973
19061970
190582
19051998
190487
190477
19041998
19031974
19031972
19031971
19031966
19031962
19021972
190191
1880
1824
18121970
18121962
18111971
18101971
180979
180978
180974
18091995
18091973
180893
18081998
18081996
180791
180675
18061999
18061997
18061996
18061970
180480
180470
180394
180379
180374
18031972
18031970
18031960
180294
180289
180194
180187
180185
18011973
18011972
18011966
171293
171292
171284
171171
171091
171077
17101974
170881
170879
17081966
170775
17071969
170691
170684
170682
170576
17051997
170495
170479
17041968
17041964
170373
17031973
170275
170205
170195
170182
170170
17011973
17011965
16309
16121998
161182
161176
161172
161093
16101972
160991
16091998
16091996
160792
160790
1607
16061974
16051970
160480
160476
16041997
16031963
160292
160291
160281
16021971
160174
16011963
1574
154154
151270
151191
151174
151094
151079
15101971
15101963
15091999
15091975
150876
15081971
15081966
150794
15071998
15071960
15061972
150576
150573
150494
15041970
150383
15021997
150150
148888
1420
141269
141179
141178
141079
140980
140795
140780
140778
140682
14052000
14051999
140393
14032000
140295
140294
140277
14021968
14021960
140184
140170
14011998
14011970
13971397
1378
1357246
13467
13251325
1319
131177
131172
131131
13111970
13111969
131094
131092
131090
131077
131070
130896
130793
130792
130697
130693
130674
130670
13061968
13061963
130574
13051995
130493
13041960
13031971
130295
130284
130278
130194
130181
NAZRIL
NURSYAH
MANDRA
ODON
13012000
13011968
12qw
1298
1292
128mo
1287
1284
1276
1255
123sex
123kid
123654987
1236547890
1234as
1234a
12345zx
12345abcde
1234578
123456zx
1234567w
123456789aa
123456789101
1234567890zzz
12342000
12341
123400
123321qq
1232323
123123s
121966
12151215
121416
12131
121270
121267
121265
121258
12121972
12111958
121074
121071
120978
120975
12092000
12091963
120872
12081998
12081969
12081960
12071973
120675
12061997
120595
120594
120479
120468
120461
12042000
120372
120371
12031961
12021999
12021995
12021970
120192
1186
1176
1123581
112288
112176
112001
11199
111983
111294
111274
11121972
11121960
111193
111182
111156
111123
11111111111111111111
111081
11101972
110996
11092001
110895
11081973
110795
110792
110785
110771
110693
110685
110674
11061997
110596
110587
110572
11041965
11031999
110278
110270
11021970
110193
110190
110180
110173
11011996
11011973
11011966
1086
107107
106666
1060
1058
1043
1032
10231023
101986
101978
101296
101280
10121969
101196
101176
101175
10111966
101091
101066
101061
10102020
100976
100975
10091998
10091996
100891
100881
100791
10071996
10071966
10071965
10061972
100574
100567
10051997
100376
100374
10032000
10031961
100274
100273
10021996
100181
09121979
091189
091183
091182
09111996
091066
09101963
09090
090889
090879
090782
09071973
090692
090682
090677
09061998
090581
090491
090486
090484
09041999
090392
090389
09032000
09031975
090290
090280
090180
09011995
09011977
0887
0852
081278
08122000
08121972
08111994
081082
08101971
080989
080985
08091998
08091973
080882
080878
080780
080778
08061998
08061971
080582
080576
08051997
08051962
080486
080483
080379
080290
08021965
080189
080182
08011972
08011970
0788
074401
0724
071283
071190
071184
071177
07111965
071082
07101970
070989
07081998
070778
070770
07071996
07061968
07051996
07051969
070490
07041998
07041997
07041968
070387
070371
07031972
07021996
07021973
07021972
07021971
070193
070190
070179
07011965
0691
0628
0627
0625
0622
0615
061279
061277
061273
06121996
061192
06111995
06111974
061075
06101970
06091972
06091970
06081996
06081968
060793
06071998
060677
060586
060585
06052000
06051996
06051969
06051968
06051965
060487
06041964
06031970
060276
06021998
06021966
060190
060175
06011998
0599
0519
051288
051274
05121996
05121973
051180
05111994
05111971
051080
050990
050977
05091972
05082000
05081998
050780
050775
050592
050579
050578
05031964
050274
05021966
05011971
05011968
0427
0414
041290
041273
04121993
04121973
04121969
041186
04111973
041088
041078
040990
040984
040977
04091996
040886
040883
040882
04081971
040785
04071969
040688
040679
040577
04041971
040390
04031971
04031967
040296
040282
040273
04021995
04021972
04021966
040187
040185
04011970
0369
031274
03121974
031194
031174
03111996
031090
031083
03101964
030990
030980
03091969
03071971
030683
030669
03061971
030583
03052000
030480
03042007
030405
030391
030381
03031999
03031964
030288
030285
030284
03021996
030190
030186
03011968
0213
021276
02121962
02111970
021076
02101960
020987
020985
020981
02091962
020893
020875
020781
020696
020683
020678
020672
02061961
020369
02031998
02020202
020190
020185
02012009
02011998
02011963
01470147
01440144
011280
011191
011082
011081
01101996
01081988m
01081969
01081959
010791
010784
010781
01071973
01071969
010677
010594
010592
010572
01052000
01051972
01051961
010476
010474
010380
010376
01032008
01031967
01031962
010291
010282
010269
010193
007008
005500
0022
000222
0002
000013
000012
000009
BY NAZRIL
NURSYAH
MANDRA
ODON
98798798
9811020
9595
944turbo
9379992q
926337
9009
8XUuoBE4
8VjzuS
8928190a
888555
8823
8686
8651
85852008
80637852730
7inches
7elephants
785612
779977
7778
7700
7669
76543210
7476
7467
7452tr
7418529630
709394
705499fh
6900
6869
68686868
678901
6768
667766
666420
6543
60606
5tgbnhy6
57392632
564564
5622
5612
5598
5577
5556
5551298
550722
5505
54775477
546546
5422
5411pimo
5400
531879fiz
5263
5262
5255
5200
51094didi
4iter
49ers1
4976
48774877
4808
4807
4712
46775575
4666
45auto
45685
456123a
455445
4546
4541
4520
4507
450000
4469
4434
443322
442200
4377
4294967296
425425
4233
4225
4126
4123
411411
4077mash
4034407
4013
4001
3techsrl
3f3fphT7oP
38gjgeuftd
369874125
3657549
3630000
3615
3578951
3578
34778
3388
337733
33693369
33334444
321cba
3215NAZRIL
NURSYAH
MANDRA
ODON
3194
316497
31323132
311280
311278
31121997
311092
311078
31101969
310894
31082000
31081996
310594
310576
310381
310379
310373
31031971
310197
310183
310180
31011965
3100
3052
301073
301072
301070
30101968
30091969
300893
30081970
30081969
30081968
300775
30071995
300693
30063006
30061969
300574
300572
30052008
300392
30032002
30031968
300185
30012000
30011999
30011967
2gether
291276
29121996
291190
291187
291181
291173
291078
29101973
290975
29091999
29091997
29091960
290897
290896
290892
29081998
290794
290772
290695
290678
290674
29061962
290595
290578
29051963
29051959
290492
29042000
290394
290392
290381
29031998
29031964
290280
290195
290194
29011997
281268
28121997
28121969
281187
281169
28111967
281073
28101970
2809
280895
280875
28081971
28081970
280778
280773
28071960
280707
280692
280685
280673
28061961
28051968
28051967
28051966
280481
280464
280396
28031973
28031964
280294
280283
280274
28011999
28011966
2766
2715
271295
271279
271278
27121995
27121969
27121961
271170
27111998
271095
271091
27101973
27101967
270992
270980
270978
270895
270879
27081998
27081972
27081969
27081966
270776
270768
27072000
27071963
27071962
270677
27061970
270572
270475
27041966
270395
270379
270374
270362
270295
270280
27021965
270196
270195
270177
27011998
27011968
267ksyjf
26121997
26121966
261095
26101966
260978
260977
260894
260889
260879
26081967
26081962
260795
260774
26071965
260695
260673
26062000
26061960
2606
260574
260475
26041963
260395
260394
26031968
26031963
260293
26021969
26021966
260181
260175
26011969
2589
2587
258654
2570
2564
2562
2521
251293
251277
25121998
25121969
251173
25111974
25111966
251094
250996
250970
25081999
250794
250775
250771
25071971
25071969
25071964
25071960
25061969
25051967
25051959
250505
250496
250495
25041999
250375
25031967
25031962
25031956
250294
25022000
25021961
250196
250195
250172
25011968
25011965
25011962
25011961
250100
248ujnfk
2477
246890
246824
2465
2456
2453
2433
24111998
241094
24091970
24091968
24091960
240896
24081961
240794
240792
24071973
24071967
240692
240675
24061970
240570
240562
24051961
24041962
240380
24031999
24031998
240294
240275
240197
240179
240173
2359
232232
2313
231294
231273NAZRIL12
NURSYAH12
MANDRA12
ODON12
231178
231177
23111998
23111995
23111958
231077
23101998
230976
230970
230896
230874
230783
230779
23071965
230671
230670
23061996
230596
230595
23051968
230396
230377
23031998
23031969
23031964
23031961
230278
23021965
23021964
230194
23011965
2272
2264
2257
2254
2217
2216
221264
22122212
22121968
22111958
221092
22101969
22101967
22092000
22091969
22091964
22091960
220896
220893
220868
220866
22082000
22081969
22081967
22071960
22061960
22051970
220479
220470
220374
22031969
22031962
220263
22021966
220183
22011956
220022
2187
2183rm
2176
216216
2151
2150
211276
211268
21121965
211174
211112
211082
211081
21101997
21101996
210996
210995
210980
210973
21091968
210881
210878
210876
210794
21071997
21061999
210593
21051969
21051968
21041968
21041966
21041963
210370
21032103
210294
210280
210277
210276
210273
21021956
21011997
21011969
21011966
2052
2031
2025
2014
201295
20121969
201201
201198
201191
20111963
201091
201080
201062
20101997
200994
200978
20091998
20081997
20081964
20081961
20071997
20071963
20071957
200673
20061970
20061967
20061960
200495
200376
20031961
20022003
20021968
20021964
20021962
20011966
20011961
1z1z1z
1qwertyuiop
1qaz@WSX
1qayxsw2
1q3e5t7u
1pussy
1grizzly
1chris
1a2s3d4f5g6h
1Morgan
1Mickey
1Maggie
1Joshua
1Jjjjj
1Fucker
1Compute
1Chris
1Asshole
1Aaaaaa
19955991
199423
199412
198919
198787
198600
198555
198519
197600
197430
197197
197100
19441944
1924
19181918
191291
191290
19121960
191189
191185
19111958
191091
19101969
19101965
19091970
190892
19081969
19081964
190789
190681
190676
19051961
190491
190480
19041969
190387
190381
190377
190374
19031965
19031959
190291
190286
190285
190277
190186
190180
19011964
19011959
1814
181293
18128
181277
181271
18121963
18111998
181093
18101966
18091997
18091968
180879
18082000
18081957
180794
180787
180778
18071997
18071963
180678
18061963
18061959
180595
180495
180481
18041969
180395
180393
180390
180375
18031971
180295
180274
18021998
18021969
18021965
180192
18011964
1723
171277
171182
17112000
171076
17101998
17101969
17101966NAZRIL
NURSYAH
MANDRA
ODON
170992
170980
17091961
170873
17082000
17081998
17071994a
17071961
170695
170679
170674
17061969
17061966
17041971
170393
170284
17022000
17021970
17021968
17011957
16911691
166666
16473a
1640
1625
1623
1618
1614
161294
161271
16121968
161195
161170
16111968
161096
161092
161075
16101978
160995
160994
16091970
16091959
160893
160881
160877
160870
16081967
16081966
160794
160789
160775
16071961
160671
160575
160572
16051997
16051958
16041969
16041963
16041962
160391
160376
16031999
16031962
16031959
160293
16021961
16021959
160197
160195
160194
160193
16012000
16011977
16011969
16011968
15915
1573
1565
155555
15362
1533
1531
15261526
151500
151281
151273
15111969
15111966
15101969
15101965
150994
150991
150975
15091998
15091958
150893
150864
15081961
150793
150774
15071970
150672
15061995
15051967
15051963
150496
150490
15041966
150375
150371
15031970
15021964
15021502
150178
15012000
15011968
1479
147789
1474
1470
1447
1429
142536789
14151415
141290
141273
14121996
14111968
14081970
140798
14071968
14071964
14071789
140696
140678
14061961
140578
14051970
14051965
14051960
140491
140461
14041969
14041966
14041963
140396
140392
14031997
140297
140268
140176
14011996
1385
13601360
1357642
1347
13141314
13121997
13121968
13111971
13101999
13101966
130993
130974
13091999
13091975
13091959
130875
130770
13071972
13071968
130694
130692
130676
13061971
13061970
130576
130572
130563
130495
130475
130377
130373
13031964
13031957
13031956
130271
13011970
1299
1295
1291
1282
1261
125412
124365
123ert
123edc
12399
123678
12345rewq
12345qqq
123456zz
123456qwer
1234567qw
1234567m
123456789i
123456789e
123456789c
123456789as
12345670
123456654
1234554321q
12345$
123445
12343412
123123f
123123123123123
12300
12281228
122448
121970
121298
12128
121259
12121997
121193
12111963
121066
121063
12101999
12101970
12101966
120997
120996
120970
120965
12091999
12091970
12082000
120795
12071965
120697
120674
120598
120597
120571
12051969
120496
12041966
120394
120299
120278
120276
120270
120269
12021971
120163
12011971
1195
1191
118a105b
1182
118118
11661166
1166
1158
115511
115115
11281128
112482
112244
112233445
11223311
11201120
111a111
111987
111870
111568
111292
111281
111222q
111194
111173
111172
111163
11111999
11111118
111100
111082
111077
11098
110969
110894
110877
11081968
11081959
110695
110671
11061970
11061964
110491g
110474
110473
11042001
11041957
11031966
110299
110271
11021998
110176
11011967
11011963
10987654321
1048
1042
102878
102575
102030405
101297
101273
101264
101195
10111971
10111960
1011111
10111
101099
101097
1010220
10101961
101001
100years
100999
100974
10091970
10082001
10081997
10081968
100773
10071968
10071967
100672
100667
100571
10051968
10051962
10041998
10041968
10031968
10031964
10031960
100295
100281
100265
10021967
100193
100176
100168
0u812
0cDh0v99uE
0925
091288
091276
09121972
091186
091184
091178
09111969
091092
091086
091079
091071
09101968
090993
090992
090987
09091968
090871
09081969
0908
090791
09071999
090691
090678
090670
09061968
09051966
09051958
090485
090473
09041962
090387
090380
09031997
09031964
09021998
090189
09012000
09011964
0889
0825
082288
081286
08121976
08121964
081190
081182
081174
081083
081074
080992
080984
08091970
08091966
080894
080875
080873
08081961
080789
080784
080775
080689
080684
080679
080588
080586
080584
08051968
08041966
08041965
08041961
080394
08032000
080289
080288
080285
08021964
080184
08011996
08011963
0790NAZRIL12
NURSYAH12
MANDRA12
ODON12
0773417k
0718
0713
071292
07121974
071194
071191
071180
071170
07110711
071084
07101971
07101969
070994
070985
070975
07091997
07091968
070893
070885
07081966
07081959
07061996
07051964
070481
07041996
07041962NAZRIL
NURSYAH
MANDRA
ODON
07021997
07021967
07011970
07011962
0630
061292
061287
061283
061271
061184
061179
06111964
061069
060975
06091971
060876
060873
06081961
060783
060778
060694
060682
060680
060675
06062000
06061962
06051998
06051971
0605
060480
060477
06041996
06041969
06041961
060382
060381
060295
060286
060197
060194
06011967
0529
0527
0525
0523
0516
051276
051275
05121971
051189
051175
05111998
051095
051089
051086
051073
05101968
05101963
050992
050991
050975
05091958
050892
050887
050885
050872
05081999
05081963
05071968
050693
050692
050678
05061960
050594
05051960
050485
050470
05041998
05041973
05041969
05041966
05041963
050395
050392
050390
050378
05031965
050291
050273
05021965
05021964
050191
050189
050180
05011972
0494
04121974
04121966
041184
041171
04111999
04101996
04101995
04101970
040987
040981
04091965
04081962
04081960
040779
040777
040694
040692
040677
040587
04051967
04051963
040494
040489
04041965
04041960
040385
040374
040364
04031963
040281
040196
040184
040181
04011971
04011965
0390
0385
0328
03121964
031192
031181
031176
031077
03101968
030978
030888
030870
03081969
03081968
03071967
03071965
03071959
030694
030575
03051997
03051965
03051960
030493
03042008
03032007
03032005
03032000
030296
030283
030282
030279
030278
03022008
030180
030177
030175
030172
03011967
03011963
0284
0226
0218
021275
021270
02121967
021177
02111965
021091
021073
02101997
02101968
02101963
02091996
02091958
02081957
020773
02071998
020693
020680
020676
020675
02061969
020576
020569
020489
020477
020473
02041999
020389
020362
02031964
020279
02021969
02021968
020191
020186
020179
02011966
0188
01478963
0147852369
0129
0128um
01234567890
01213
0121NAZRIL
NURSYAH
MANDRA
ODON
0118
011279
01122010
01122000
01121966
011183
01111972
01111967
01111961
011088
01102010
01102000
01101998
01101970
01101965
010978
010974
010971
01091999
010881
01081964
01071997
010692
010672
01061966
010587
010573
01051998
01051968
01051955
01042011
01041964
01041958
010399
010392
010371
010287
010276
01021965
01021963
01021959
01021955
010196
010156
010153
00998877
0083NAZRIL
NURSYAH
MANDRA
ODON
0025
0017
0010
00070007
0006
00009999
000099
000021
00000a
999666333
9955
9837
9638527410
963214
9393
9333
91919191
9085603566
9051945
9004
8vfhnf
89876065093rax
88998899
887788
880888
8778
87654321q
870621345
87062134
85218521
8481068
8302
8123
7seven7
7ofnine
7mary3
7eleven
789963
7899
78978
78965
78917891
78621323
785001
777222
777
7718
750750
7477
7300
72chevy
7274
718293
70707
70077007
6987
6969696
687887
6874
6846kg3r
67stang
67390436
66996699
6699
666222
665566
6655
665259
6633
66005918
65mustan
6556
64256425
6424
6279
6263
6169
5string
5nizza
5C92V5H6
5916
5792076
5574
5556633
555555d
5535
552233
5513
5512
5510
54725472
5458
54545
5449
5434
542001
5417
5415
536536
5288
527952
52545856
523523
5220
521521
515515
51525354
515069
5125
5118
5049
4real
4me2know
4cancel
4EBouUX8
4901
4823
47ds8x
471111
4701
4664
4648
4610
456rty
4565
45645645
4562
4506
44556677
4454
4433
4404
4366
4300
42684268
4254
424365
4206969
420666
420024
4159
4153
41514151
414243
4125
4100
3e4r5t
39533953
37913791
37583867
3722
369741
36925814
3639
3611jcmg
3574
3570
3469
3422
3374
33553355
33221
3292
3278
3275
3247
3242
316271
3151
31415927
3123
31122010
31121999
311094
311076
31101970
31101965
310893
310890
310872
31081997
31072002
31071998
31071965
31071961
31051965
31011969
31011966
31011959
306306
30624700
301278
301277
301274
30121972
301171
30111997
30111961
30111958
3011
301095
301094
30101970
30101969
30101964
30101961
30101960
300993
300988
30091967
30091962
300896
30081997
300771
30072001
30071996
300694
30061971
30061960
300493
300475
30041957
300394
300374
300371
30031969
30031960
30031957
300172
300161
2much4u
2i5fDRUV
2big4u
2913
29121997
29121960
291172
29111974
29111969
29111968
29111960
291083
291075
291074
29101970
29101961
290993
290977
290875
29081962
29071958
290693
2906
290575
29051966
29051965
29051961
29051960
290493
290491
29041999
29041960
2904
290372
290292
290276
29021960
290172
290161
29011970
29011959
28infern
287Hf71H
281297
281294
28121972
28121963
281195
281179
28111996
28101975
28101967
28101963
280994
280981
280893
280876
28081999
280779
280776
28071968
28071966
28062000
28061964
280596
280570
280476
28041963
28031998
28022000
28021967
28021955
280177
280174
2763
27262726
2718
271293
271267
27121971
271194
271173
27111995
271077
271074
270964
27091999
27091962
27091959
27081995
2708
27071998
27071968
270707
270679
270673
27062000
270595
270571
27051959
270476
270473
270465
27041999
27041968
27041961
27041960
270393
270368
27031970
270293
270277
27021999
27021963
27021962
27021960
270179
270178
270172
2677
2666
2651
2643
261298
261277
261271
261269
26122000
261195
261194
261170
26111964
26101965
26091967
26081969
26071998
26071962
26071960
260696
260672
26061998
26061964
26041998
260376
260263
26021959
26011997
2597174
2583
2578
2566
255ooo
255555
255012
252312
25212521
252012
251512
2512812
251272
25111958
251065
25101967
25101958
25101954
250973
25091969
25091966
25091958
250878
250872
25081998
250796
250795
250676
25061999
25061968
25052505
25041964
250370
25031961
25031960
250281
25021998
25021964
250177
25011966
25011960
25011959
2482
2468013579
2464
241296
241279
24121967
24121966
241199
241073
24102410
24101973
24101969
24101962
24101958
240996
240993
240975
240970
24091997
240773
240771
24071971
24061998
24051967
24051958
24042000
24041997
240396
240372
240367
24031967
24031961
24031957
240280
240279
240277
240276
24021964
24021962
240177
240171
240169
24011965
24011962
240000
2371
2350
2342
23372337
231297
231293
231270
23121967
23121962
231169
231161
23111968
23111964
231072
231067
231064
23101957
230996
230975
23091967
230893
23081966
230774
23068
23061998
23061968
23061964
2305822q
230574
230573
23051969
23051966
23051965
230497
230478
23041968
23032303
23031968
23031965
230295
230175
230169
23011967
23011963
23011960
230023
229912
229212
228822
22856
227912
227012
226622
2263
2250
2241
22362236
223366
223107
222812
222612
221987
22132213
221297
221274
221270
221175
22111968
22111959
221075
220996
220992
220968
220892
220872
220871
220794
220775
220774
220769
220767
22071966
22071963
22061969
220599
220575
220573
22051967
22051961
22051960
220498
220472
220462
22041956
220372
220368
22031997
22031966
220294
22021970
22021963
22021962
220202
220178
220175
220160
22011999
22011958
2200
2133
212212
2121212
212009164
211279
21121969
211192
211175
21111968
211069
211068
21091996
210875
210694
210675
21061966
21061960
210568
21051963
210481
21041962
21041956
210376
210373
210371
21031967
210195
210193
210180
210178
21011967
202202
20121964
20121959
201175
201174
20111997
201075
201073
20091989q
20091966
20091962
200877
20082000
200795
200771
20071999
20071959
200707
20061964
200576
200573
20051969
200492
200474
200472
20041999
20041968
20031967
20031964
200298
200279
200278
200263
20021956
200174
200172
20011965
20011962
20011957
200111
200101
200007
1qazxdr5
1qazxcv
1qa2ws3ed4rf5tg
1q2345
1golfer
1derful
1david
1chance
1andonly
1Wwwww
1Sunshin
1Player
1Pass
1Murphy
1Mmmmm
1Lllll
1Iceman
1Heather
1Green
1Gggggg
1Diablo
1Bigmac
1Amanda
1996gta
19944991
199411
199103
198821
1987198
198711
198701
198686
198625
19852
19851985p
198512
198425
1984198
198321
19822891
198206
1980198
197926
1978197
197676
197575
19755791
197225
197200
196820
19461946
193728
1928374655
19281928
191287
191284
191282
191277
19121967
19121959
191183
191180
191179
191168
19111995
19111969
191086
191078
19101998
19101973
19101961
19091969
19091964
19091962
19091958
19081998
19071999
190679
19061965
190594
190586
190575
190566
19051967
19051965
19051962
19041959
190389
190379
19031998
19031969
19031964
19022001
19021966
19021959
19021956
190188
190166
19012001
19011973
19011968
19011960
1870
1860
182838
18254288
181295
181280
18121998
18121961
18121960
181193
181176
181169
18112000
18111965
181081
181078
181075
181070
18101999
18101998
18101973
180994
180885
180876
180870
18081997
18081961
180774
18072000
18071966
180698
180696
180695
180680
180676
180672
180669
18061969
180570
18041962
180373
180371
180364
180360
18031964
18021963
180172
18011968
18011963
1774NAZRIL12
NURSYAH12
MANDRA12
ODON12
1772
17711771s
1760
1725
1722
17151715
171275
171269
17121995
17121966
171181
17111996
17111968
171071
17102001
17101968
17101967
170995
17091998
17091968
170894
17081969
170798
170795
170770
170680
17061967
17061959
17061706
17052000
17051998
17051969
170497
170494
170475
17041998
17041960
170394
170378
170366
17031966
170294
170272
17021999
170171
17011964
1671
1646
1633
1617
161276
161191
161175
16111998
16111961
161078
161074
16081965
16071960
160698
160694
160669
160659
16061965
160566
160477
160471
16042000
16041967
160377
160374
16032000
16031998
16031996
160277
160264
16022000
16021968
16021966
160177
16011967
16011962
16011960
159951159
15975391
1597535
1597532
159456
1592
158uefas
1575
1569
1563
155155
1540
1537
1527
1522
1517
151295
151294
151293
151275
151271
151269
15121999
151215
151177
15111997
15111963
15111960
151093NAZRIL12
NURSYAH12
MANDRA12
ODON12
151082
151065
15101967
150896
150894
150880
150878
150872
150772
150770
15071969
150596
150569
15051966
150475
150466
150464
NAZRIL12
NURSYAH12
MANDRA12
ODON12
15041999
15041965
150396
15031964
150299
150298
15021960
150197
15011966
15011960
149521
1476
1475
1473
147147147
1468
1454
1450
1435
14159265
14142135
141312190296q
141296
141295
141279
141271
141097
141075
141071
140995
14092000
140775
140766
14061972
14061968
140597
14051963
14051954
14041957
140397
140394
140372
140293
140262
14021967
140191
14011962
14011961
1384
1381
1376
1370
136900
1357913
134679q
1346795
133133
1330
132Forever
132000
1313131313
1313131
131296
131292
131271
131270
13121999
131075
13102000
13101964
13101963
13101961
130975
130969
13091997
130861
13081965
13081959
13071996
13071966
130673
13062001
13062000
13061972
13051999
130471
130462
13041970
13041966
13041963
130378
13031966
130277
130274
130262
13021970
13021963
130198
130197
130177
130176
130174
13011961
13011960
1283
1270
12481248
12457896
123qweqwe
123qqq
123lol123
123jlb
123four
123978
123654z
123589
12350
1234qwerasdfzxcv
12345y
12345j
123456rrr
12345699
1234567qwertyu
12345678m
123456789y
123456789Q
123452
1234512i
123451234
123412341234
123342
123321w
123321qaz
1233215
1232580
123212
123181
123174
123111
122778
122381
12201220
121973
121380
121299
121257
121214
121200
121196
121195
121170
121163
12111969
12111967
12111961
121096
121067
121061
120998
120977
120966
12091968
12088
12081208
12071999
12071967
12071960
12071207
120698
120696
12068
12067
12061964
12058
12051971
12051961
120499
12041997
120398
12031960
120273
120199
120166
12012001
120004
1196
1189
1187
1160
1157
1148
11381138
11251422
112279
112233aa
11221
11211
111lox
111984
111980
111978
111973
111964
111558
111299
111289
111271
111269
111222333000
11121999
11121969
11121
111195
111174
111166
111161
11112002
11111998
11111997
11111969
11111911
1111112
111068
111067
11101967
11101964
110977
110972
11091999
11091969
11091961
11081966
110798
110759
110667
11061999
11061998
110597
110575
110563
11051961
11051960
11041968
11041964
11041956
11038
110375
110373
11032001
11031997
11031963
11031961
11031960
110274
11021960
110195
110178
110175
11011961
1081
10801080
104328q
104104
1037
102181
102100
102000
101991
101671
10121999
10121966
101210
10111998
10111968
101068
101065
10101967
10101964
10101960
100997
100969
10091963
100893
100866
10081969
10081966
10081962
10081960
100796
100794
100775
100768
10071998
100675
100673
100669
100665
10061968
100584
100572
100562
10052000
10051998
10051967
10051965
100493
10048NAZRIL12
NURSYAH12
MANDRA12
ODON12
100470
100466
100458
10041965
10041964
10041961
100396
100391
100368
100367
100366
100261
10022001
10021960
1001sin
100194
100169
10011999
10011996
10011966
1-Oct
0973
0968
091294
091280
09121999
09121998
09121997
09121962
091196
091191
09111971
091096
091077
09101998
09101962
090996
090994
090969
09091959
090878
090877
090876
09081963
09080706
090777
090694
090675
09061997
09061966
09061962
09061961
090592
090471
09042000
09041958
090390
09032001
090287
090285
09022000
09021966
09021965
09011968
09011967
09011961
09011960
089212
082012
081291
081276
081272
081194
081170
08111997
08111974
081092
081084
081072
08101958
080990
080981
08092000
08091965
08091956
080895
08081962
08081960
08080808
08080
080794
08071966
08070807
080692
080682
080675
08061965
080565
08051967
08051966
08051961
080478
08041970
08041958
080389
080377
080375
08031965
08031962
080297
080294
080277
08021962
08021960
080188
080179
08011969
08011962
078112
073012
071712
071275
071272
07121998
07121968
07121966
071198
071192
071169
07111971
07111962
07111960
071080
071078
071073
071070
07101997
070895
070892
070799
070771
07071959
070697
070685
070678
07061963
07061962
070587
070581
07052000
07051998
07051970
070476
07041965
070396
070379
070358
07031998
07031971
07031965
070296
070294
070277
07022001
07021998
07021963
07011967
068212
065912
061278
061276
061262
061195
061182
061085
061071
06101968
06101961
060994
060980
06091998
060881
06081971
06081970
060798
060790
060776
060774
060773
06071968
06071966
06071962
060668
060662
06061963
060599
060595
060495
060488
060476
06041963
06031965
06031955
060294
06021965
06021960
060176
060166
06011963
0584
052677
051982
051970
0514
051293
051259
05121965
05121959
051192
05111961
051088
050984
050976
050893
050882
050878
050876
050862
05081970
05081968
050793
050779
050776
050772
050573
05052001
05051968
05051963
05051959
050496
050493
050479
05041971
050396
050393
05031970
05031969
050296
050293
050292
050287
050286
050279
050275
050269
05021967
05021962
050178
050175
05011967
048ro
0488
0483
0478
041284
04121996
04121964
041191
041176
041169
04111964
041084
041079
04101962
040996
040988
04091970
04091969
04091968
04091962
040894
040891
040872
04082000
04081997
04081966
04081959
040773
04072000
04071998
04071967
04071959
040683
04061969
0406
040594
04051999
04051968
040473
040471
040470
04041967
04041955
040384
040373
040368
040366
04032007
04031999
04031968
04031964
040287
040277
04022000
04021970
04021965
04021963
040192
04011962
031281
031275
03121999
03121998
03121969
031198
031169
03111973
03111970
031075
03101966
03101961
03092000
03081966
03081963
030796
030794
030776
030771
03061960
030591
030569
030568
030564
03051996
03051966
030469
030367
030365
03032010
03031960
030291
030277
030197
03012000
03011970
02551670
021283
021277
021272
021271
02121995
02121969
021194
021180
021170
021096
02101966
02101958
02101957
020975
020881
020876
02081997
020798
020795
020779
02071967
02071963
02071961
020699
020682
02061966
020597
020593
02051999
02051963
02042006
02041965
02041964
02041958
020381
020376
020375
020374
020297
020277
020270
020269
02022007
02022002
02021966
02021963
020193
020178
02011999
02011967
02011961
02011955
01911122
016212
011270
011263
0112358
01121998
01121996
01111965
011091
01101967
01101964
010994
010977
01091967
01091964
01091959
01081965
010778
010775
01062010
01061998
01061965
01061961
010564
01051957
01041967
01041963
010368
01032004
01022002
0101dd
010158
010157
008812
00700
00198
001978
001412
000812
000512
000011
00000ty
000002
000000z
NAZRIL12
NURSYAH12
MANDRA12
ODON1
